0101100000011011111111101011100100111111
0110100111000001110101001110000111010001
0111011100000000000101111101101010101000
1101111010110100111100101000100101001001
1011100100000010111111100100111110101001
1011101111000111011000011001110001000010
1011001101001011001001011000010000100001
1011011010100000111001011101110001011010
0111001011110010100111111001001001011011
0010000101000100001111110101110001100111
0100111101100111011011101010011011000100
0101110100001111110000011110101010110001
1001010100011101010101110011101000001101
0100000001100111110010000001010110000001
1100110001011010110100001100111010100111
0110001101001001011100101000011001000001
0100000110101101011100100010100111000111
1000011011010001110100010101110011101000
0010001001000000111101111100111010010100
1100011011000001101100111111001011000110
